$ANSIBLE_VAULT;1.1;AES256
62376266366566303063313861383362363535333064643230343732326135333338393030346561
3630323636353532393065366232333136643836316630370a336566356333636339666530333862
64333761356137666466373237343839646366333864646135346539323966383837663161363665
3236386562303031370a656362623361646266363030396565333730653764343935656333383633
35326463336231656666656264326131326438386535353738306330666163396532313131306366
31396537633033663930343030336237313564323938353665613332353733363634633463633564
32353136646331396665343437643164313531666436653131313961363462616637636338353538
36393366343362376538623435633062643638393632363964306435643665386165336261646662
62623138303762343761646533653037636632653632333932356630343630663334396232376463
31343361336539383637643132663835646163633561663962393730303034623038313362336333
30353935366365386434626136336632363030343733396565663233663436336534366234303732
63663539373536343535396336333262336231613833663536613439326536393536363630616465
61326535313961383938656135316662373762303066353263353636313062306166396531396561
38306432636565393239346264356137616539363139356333636665643865613664306239326331
62386465326263333236356464363734323463323963393939653535366632366134313133383736
39386235623531616234613532373936646663366634383237323666613732643333396365303337
39613431313031343763303430306630323030653932653339636237363731323334656538356166
61366138623737663430663030323331613832373336643135346533376636333632393633663535
32356335613062343631633036393032333938656336356364303863363864343337353363396334
66326131306336303562663766383437323637323666623530373533383736333837376434636131
62376466663463663663383833663633373338383839306637313332383761643064323539343962
64643031616531303362636332323165396662336663336530353461343935356466663664366535
62656435376135663430306335393435373266623565363739353665316362303830383533633661
30663430323766303539
