$ANSIBLE_VAULT;1.1;AES256
32663636373938356536316337393962323862616139663934306261666239333566343261653430
3737396430333964356137356638306239306132653138300a616536316439663964383539313639
34363864623965626261366165336238336631643730363135363966313432326537356666636134
3061613834373566350a363562376138303937333533636232643730326666343263336461646464
35373361313563663864646339336164646465393833353938613634643132303563656633623130
66383662613236373163353935313964366638383164633332353731653765376234306138323239
37303666346461316564663530616161323030663835656330346134376332663334383330336134
63346665383637386564383535343932666262376166323962393333656537393563363335306165
61656132623739373136346439303637353037346232323362616335303333626238306161623232
64333930376161643430316462656137633737383534633135623962353038326337386434623030
62353333313563336361646233383430373364346266363837343737356430376265363365383463
30653036653130663333326365326233326233346331373832623861316666386265326431383430
64333337366566663732363937396661336435313932343835616565666434303531643839636662
38376135393666336633386334353664663138613930383935613265623365353935623764656131
66366462616133323365313336393438663136656136346564306536323232353738383631336231
34383732636665326436303766646436343936613638386264373734333731376434376363333734
61363530626465383162636166386461326530626230633030373562626166313132363363376163
35333835356430643563643164303562316266313234363564613433346564333830306464626530
30363362366462363937643866346166663433623537333439343332326538613835346332646435
66353333363961323331633135376335343130326434623363663537646564313139626235363363
39306538346630613637383766616135613739343266313761343264656365643437383637313934
37306637643139363331353430646137363639363063353835643462386230653830613739373332
64666333393333313534383766663934313036373037633761336563376263366633643130383031
30383833383334313864323162373033653563323031653863316162363537633662373737373534
32386363326338633334383136633735303339303836313139393238393964323631
