$ANSIBLE_VAULT;1.1;AES256
63626635333961336538613363303164356539316435353335326330316534353130373132336633
3436666361623465363362656435633334376237633961650a376263323062393065323635633761
31646165653138616630353439396332336336613137363264626663316166386461633366626237
3832636331653435350a623537646535373736636336643739333439653730393536656534376237
31383935343430393261646531643838386338666665383135343166646432383661383662643963
66643263616264373162653331353934663465383331613832646432666164393765646435633333
30356632326261643139616532383363386464623730313139653831333565303937326265613866
34653234303932303962373066656463383965383431353836613433346363346633383661666262
34373634653730653832663538656164393130306434633562643032323934623062636330626235
38353962663730613436303936313835386532373462633635613234313466373865306533643936
36623130393763646466646433656335373166323461323965326566616666633065306132313162
32346236366338316639343833623932336532386631376131613930666336396535336434346364
36373336633136326162326561633639653664383232626365653732643762393235393035323239
34623933393937333237613165343930343231663937646363636233613730393861643136653830
31336266316166643536663031613837653833643264353966396639376438373531386565623237
61343565313433313332383231303862613237666164306639373136666435666539353862373564
33626637323139313739323737326632313232663038366161396639653333633534373734363033
66333330393533353335623739653031613833373364396362326465333265353638623134306163
38386537323261336163626264633466303136663439613134626662303663313366666130643961
36353764633936336332383933353635663966363239373332396166323235623330343732623434
38353834346662323433396435323766663164363734633330313563643264333135633530353833
36363036636661653939643865636632393437633961626433326439633666663339323939333836
35663530333236646463316666346465616634313234363362643334353232653564656335376364
35333336643233636564346234623631646532376561363065353362326237333863353962303065
6364
