$ANSIBLE_VAULT;1.1;AES256
39386139363030393635616638343461616663623631346361376234306435333535353238346134
6536613930656365363035376265333239653032346361660a306366303365366132646266353063
35333239326432623337303766326666636535313734306538373565623166353236626630633036
3138376266643465370a346630616163616137633534663232353035333963303035313561306433
36313030666332653063306236353666316561656330383636396335316564343736316336386435
33616630323137366331396339386564646438373336393236353361383736623234353166343961
66623839396138613565313866373137633138616361633133363465336137306232373030646634
34383261643534393061353664653234623362363836653262366264333765373632353735306231
31353363363730363137393963363934303535646662393362653532393338386563616364373564
30643035363834313036653634666230393035353430323066633139663531343362343239396337
63343338313232313832653964343733323735393135373430633733376432636632663961316561
32373831633032303965643933373137323464316337373564653437313330666436653331333335
38623730373536333561613363333230326334396539363635383661633761663262353433613331
37613537393864663330626463633533373034653238313630363337343666316430653634363936
38653132656430363533363064376465616665316335393365336665363335373163613132306133
30376630646664626363393564633966633036333461363735616538353332636230393233363536
64666432346638626638656538313832303830366436616364666432633335316332386132376538
64623462653334623963353562646539646533633338643265666638623766303063353465373237
66356230653131663538383630326430303762643437393832303237316336663766613838373731
63643530636161393431376164363132303766346462383261633631366238363063383366303561
35336536613732396234313766663238306636353038366230663262353263653162393031373330
61653861636132383139373533623630333032643365316365356266303139386132343538343332
36353134323333313230663339356338643262386664313738346530356433333332663962333537
35656538396266343763
