$ANSIBLE_VAULT;1.1;AES256
63373437326232316162636337396238386564323836313732303234353431373530343138356332
3336666263333737366665643233393964613564306238340a313766303330336230333332363539
62336166393565323162393464613535313335356634653433633734333861303236393362623637
3065343436633864320a346539326333643535303365623132343737633131623964326532613236
35653461346437353863353737613534613139666666653230383931336139653031343030623961
64643839363833653735376666613762396633623431613437313130643937316166636533663732
33663161353438366336386638363263396536303033643764636135333964656264633039666534
34383466636665373762313534393730373362353961383764393136656336316366356438366361
66633864313435316638396239663862373635316535363236366666643138616637623335323533
39613632363036653733336530613134373563656466393831653131396434336365663236386136
62333930303634613537376336623539636366393732656263323933333237376664376339376233
39313532633833636134616636343933616430363637613439353037393339373964313932626130
33303662366363626233613137316266336363646636393561626562393964363134616164393464
62313665373164306637626666306266643439363562393236393436323862363232633464343662
61323861633637623835383362393339306635386161393661396331633734356137386164663439
39396535626239613361633964333933323239306463373462656530666536333761373133366562
34316332633638656235336437636633386139346436383365633733376430633936646634353962
65343733303038303832333761333837326336313935643935383330363962343565396235376239
30353933626561643765373731663738393239633861316639373733303231666332633365613536
35333930663731366562623432303634363263616261343166313133643130656631343038626461
31313935653338653461663563316165653463653837633464363664623435363363636165643862
64613766653134363639313432633466643066663432666261343630393135666334636235303135
66393232396363396535623132313562666433303136303066623861336137643538333530313166
64353564353662333062
