$ANSIBLE_VAULT;1.1;AES256
37353038346239313162353363653761373939303739643835393561386233316661366231353861
3664643233636534363035346337343264376335633833380a623262613833356232396135306166
30623831313331386237343639623239613566383330363736646433633631643962393034333238
3166663630336137350a623739633539626230633239346238643935663537363835636132363137
62306363383363303035343063343363653638323437356163643864346662326565383365333062
32396337363832386331613866363562666631666563636337363765376163616165633662303363
32346239643264303138636365306130356636646435663937636361666639663231376661393462
37303862363665353666353363626435346139636132386536336532336237333137633832363061
39303037373661333961363063336363636532326633643235393339326264613737383662623233
65356430646239656330386139383533626665616661643137666137626532363930366131653932
62666236313135653238393362366663366461393330613534313363393030373339653163343261
35343935396139343164346139383636393736303537623861306533356365363038363636656336
37653031326261363537316562613162346238376138616262643934613732343838323332626463
33363536653737313466326238336431626162653539303263313839663935326531336130646534
65656531656535373532393138643030333337613432376239346239666161353961633833313165
64306232323430333863366438353535656434373532376462393338386461383932663965653936
62373834323765633130646635303536656634613362303664373831633837323131363432656132
34303561383138653861316665303861366433616639393336363037326537656330613063366164
34633932316531656564383236623134663533393361343834306433333435393264663339366564
30313931643338666436333564343431626561633838336336333464656237383763666137316234
66643264366235623235613561326366316663643163383333656361343361323538393962653534
61333561626531643866313031393836356634343333333437666336363939333339306137643133
61306338613766653062376232326138646231383838316539653630393262626231616633376464
63666264326239346433343831666663383133373862623539353434666261636430353633303332
30303561313366316665396363346432623730636439343538666362376432383532636266353164
63383336636263303738623631316562316535643937353737653132336165643439316134373736
30316530643066363936326139626332356336323135626139323137626539383938343666363139
35306561366538393964633932373635313839333166626361346434383234623662316363623837
33373139383662346463316631656265346263666165363634383765363731396362373961326331
31353463306336363830313138396166666466666639326163613537333535323735373966633261
36326234333861333164386631643038616139333931326635363938353837356264323664393833
32663863326266373636313030663666323065633834303262653261623562313032316632653632
37376662316334313631303138306638346462303865356663333064386632306535636534333761
35333065643533343039636538366563323061616633356439333034393232636165663961343034
32623232663164376534326461643861626532323064666336653162313435646236636339633435
31373833383234366164313462313039653366653231643266336565376130383532353239346534
35343132326439616161636262376330666433623661393239623739363764656564623436633064
66373238336332386636613833396564653164363438616538613433313566656535373538646639
65313938303031366139313363663066383633646236346664356439393065656436373839343637
30393866336235393164336363316235636430333532386137353932386564373464383532333264
31646237396439386563646434633662616531626533643865356137343930303765303138373164
38633838323335356432346330633263613835653264373032666131356630356635373665373730
30333763633064363162376236353038323964393165363134393131616338383661343931376339
33363730353230376539303765303934333166333664656630333931386536653665303631386661
34356666306637666437323066613331626165616361353462376265383837623264323438363838
38643434343363613630666336346235643834633639643933393239643736653131383833313662
35323665306431643962393733623933396532666663646139646439343233636336616638313530
66643132373731376432303139373735323536393435333263343937653333376336306662383539
39363832656564666463346562353732643837363436366336636532356262366666393635306132
38393533326239356335653331376532316431326162643566323236346232633532323863356337
63343639336138313733316361336361386466636264336465363032636462363764363666323637
62326631313730346363336131373338386663636533396666663338656537353639656637393630
36376362346333633337333061356135336431376361316531383964363430633835393434373963
61346462633238626331623738663830336262383532363361616237333136333766353133643339
39643035303432316539383434326339353166363939616638396336343132386436663966363431
36653261316534363235313864373365616330643661343535636536663065306465613264303934
62303837623761646537376533623261353236336434643638343535323862356464653539383162
32633139386333643536333463653932323036396139613135613364333137306136356233393266
37613539336633613265353866663139623234343337306264663035353430326131363364306436
34656563646162643466323938356337326461353166613435303738663032616266346232363434
34663365333837343964623639373762383961623931383135623535653665313565356364366539
38346234326438386238343464623731383866316133663463396561303832623838663565663335
63306339336232613064613438386234653635646537653033373463343539616466393538376465
66316166313130666235303234333666343863333336633332323536633765376234316135666161
30653136663330646565336331316431646266333239306164633561666261373936343339323138
64316165653838333337643565633230613933626136636439613332343564613435663231653434
63653431643534303035663731336262643534653138663836393333326161613138613836613366
33613230623435653538376434663061326330626538323233643935636237303536643864303837
63366634376333393865626261386238643366316334663939343033316138333730333964636235
35366234346634616130646635396261353932613731303834366237393864633239326132633336
64623666346130343535303535306165323866386235633663306439383865393062316331393866
35356239626164646239313561356666393832643133383333636232626531323036633838623665
31663732663436363330313532643233316531363330393361313639383565306234646162653064
61383931656535653363396433346563393833616165313065646364323765343332323236313462
39353836633837386234396139343639323364613566666534623930343261663838383139333466
65323666306164313334323130623732366532393266316233366134643230303362316565353765
31613135333534653864333934616339643631386237666162343338616430623166626439626335
32366664663030656263356335373137376634643036316332303136613338393666373033636435
33613232653861623462643436633034613338663764643835623238343562303463373535623864
61653138323539363239323463613133333532306435333062316639643766366565316164396335
37323537636630663132373864363365363435373435613265323964313763343334323531313663
39656230383862643263373333356232616434383061633361356338353265356464626234613936
61613761653031366233666130313832393831373365663666396135616564663333346438623338
65396161643637383936343232366661623563346135393533303432306237383133393836323963
61393663623265373363626630303636653435323364643735366434623561613533306433663761
30313339303638613463653261616664613735653031336332633436346136373336383636353934
38343136613639613964663163306234356663376162363638333863373439303730353861366436
64316236333865633464336566643833613037396533323162316165383864633938356233336234
64313230383336343634376237313462396235623464623263643363643237646433626139643132
35613364333533356562616238346539323834333933343733626666333662653731363866656566
61663434663331643164336639373165336437363936653162643135343635633164366436303466
64646330383536363965346537663963366631663430636138626562323036356165616236313635
31396537326137356666396364323630636365633466653136323737613932353865363835316138
65616632623134343262313065333231373239306330396531306461316136346333653233643362
32306263393361376336633538633737396339376233366633336636663439303230376132646265
66353638383636366334306161346239613432306566366634306232623963326265306137343630
61343262613862636132303635643237656561626536633165326135343839616334646232663035
35666636336138323137623466623162656337636230333038306639383663666565316630643834
61336332613434376363386439303265343263633232613964333433346330393130653466646239
62323066376335323531316536303464313338316665356636383137326265323864633136343366
34333330376437306566316265383966383938616163396262643736323862333063343463636237
64333639646639643137656235323766373737643037316436313762396330633264343536623330
30643531656638623835626531636538323535373930336133616137626537306339326236653666
33366337316365386666313335333937343962376265376433623338643736313966636531363361
62346466626633306265306336326664653965616630633637623039636365383331326332303166
61643961613162646433393366356165346464633537353765343839636437613462376161323461
38373639366432366265303966623135613139623863646230653863656632396463393038366339
30336466653732326564303365336462636431646634303065616137623961623139336538653336
63636362383165616334653536336633656237373635303635613062363165633566636335616661
36666130363935303839366635626564626639386536636337346137623037636366653138376134
30663434303135373234383538613437316261623037323038366665626366373238663737316632
34366264643132396662323862353134393536643164393030303435396432643266333864353663
30663032393430616631373835656233343830616530386366643761646632666661623831663630
33333737616361313062333032646237356265303938663235363036356130323931386662363834
38623766323934313634333033343139383463396131346131373335386532376436313264633362
32333062363966366665653338626465396337643162356461653837623361653237373030316630
36363539336164303761666462356638396232336632643439616361323466333466636238316631
34336565316633366466613935316161373031646665313866623963303038353362616462393939
30386162636330653038323335316439326537363765356665386135326466383061643734383663
34643137386331363236356132656538306635396366373033363765366433356462616434373361
38366562636464306361623766396465646361656364396562666339393136343733623865323632
32663261656435326136313834643363633364393066376563356364363534386535376336323736
656530313335316564643037333638646131
