$ANSIBLE_VAULT;1.1;AES256
34613564383565313231316539653666383537323835306132356534376236356234653938303765
3863316538353735306333663034646631363731346236350a323530316332373436666161363838
62656633336362396139663632356130613765363864663265333035363865373631643263326630
3363353965376637620a613332373932636232343534393236373233306362346665613963653530
36616633636565393138613935653537633835656230346462623933333334343238383233373830
30616130383231613430616264323366346366386465356662363437333435303835353434646638
31343532633262633232356432376465333338626131383933353465393938626638313936303336
62663534376238613062623761626539393336366135353339303533333330626135343665643234
38643234623065303533623362636532316231643935373762643430646133653961386537353731
35366430343764343031613339626431316364613565343732363361366566633130326236386434
37663730316333393034346331636263383562326533376664333761343539623636666564646333
30363639633761636531383761303138383066656363336435643165323765653364656539663935
64326331663030333932303230646161613734386365613661653365663831386633646138303261
33363730303961303762613764656532383136623863326530656630643537356666653563623837
33623266323334396564373633346133636539396534613165396137386236336166633233626333
63333261656662343631363335336134376139343432393865623835643735353637663035353131
66363037353532613630373263616135346139363035323763346130623462366564333062306337
61323066653036353330306266383432303137323863366237643930653738313762373261353962
36616330336362356163633136623364663437626631383833636166613562323934373763623464
35366663646634393736336131363833356532316661373138306132616439643461346239663037
66656531643461353635396661656261323831333666393161343635343431303937303332353235
37336135313664303034393634356163643833363234333732663330393834386230313663383661
66643161633561643866323866343635343131356537636136363363376364383036333233303938
61383937356433346434366462656261336462363034326262343361613439323261333132633236
33616235383336613363323230643935316533393738303866663362613037393336
