$ANSIBLE_VAULT;1.1;AES256
33316366633165323936616165336339656630373561376363646132336261373364333632366664
6263343534313232666636393662376461373865376265650a353636663635646363643264626532
64636334616537616338663636653934376633303864653637613931633233343934326536353535
3038333134653935630a643737363937356139653261663434363265633239323939363532353235
62333963653835386237383039326265656534623934613335323139646634396532303138656365
39383437626464373663633834333039336635646134343636373036356161616561343433613930
34653136633234633238633762323130663730353562303038353166653462393831386363613438
63646239346461386438303436616362613333303531393461663864633638363863646262383639
39323034313461376238386631313835393536656430636536616539313932613366663633366364
62363137313461643930343866313166616533616631613339636461393537636565636134643838
38626565303231303237373263633134353164313331323666323365613361613333383530666135
61353331623437323562336136323262613031653031656636316432616637386231626162323762
32623433303730353966326334386463356566646131393833343930663563653863333034313962
32366136313530323638353236303434643864616562633230623564633032366564616139663635
65396237383036663038386431386336316335663732643464643830313461356562663236653932
37353263666361613734303335636162306137626531376539616463326335623739383136333361
32376237613139396432373664366232636331636632333833383932356337616332336635323431
32646161613236626336323338306132353463306334313634386563613963303264663539393263
66386636383864393539386462623864316137393735383337643935653439616537336665313561
39336338643637643434333637613362343133663161616662323566373232373738363865633835
35626161616165346563336438613334626235623035636565333630666135336233393436336166
65323035346333366335633234393130343433643236633839356234363833636364363130356338
61303761653431373162373966333830666230366164633436663461616132323136333766636166
38333736623261343637663964633264393532663463663536353361343238353735386136333166
65633962313062353866313961613336663161363164643664653461323966323730373231363934
3866386637363337663535633431653637626463363830316437
