$ANSIBLE_VAULT;1.1;AES256
63323464643534626130343736343437323736646565336337626131616633363562616633653762
3437643366363564376135633862663033313431613033370a313735343264383333343538366263
32616337623436336433653430393931666333646162303533616663323063613732343538306636
3732346462363836380a626432626165306265633361346266353839346436303666626434333863
36613261653462363431333663363566613761323064666431623764666533623066633866363538
63623465326534643064623537663139366138323661326536633137303037623161616137326434
37656234313238623061613563616237613839363266366462373366306464383738356566643265
32313261313331383263653930393931663665316539666664376164323033613237643066313237
35636238303763306261376461383437663831633335303835333466363534336531643463333432
31643639353036623661346635383035323939346665396430303963303431393436653837393931
66626332373033326462333031356362386532373764333235303031336233633865333831363661
65323036646530616139616139653638353135366462623633633939323331613630323034316364
31656332353664363761323336396462393931386563313664313337386236646562333466303765
35323862656462636638363139366265636664643039393132626661306533653833393764393938
37386232326639396230316233333264663036373338343066313264653137323732643333386266
64343232646436643234316236393762656138316363346631313433326435353164636365373934
32346135666363643061306161373738656262363931643462653339336566613665336135363965
35316163336638376637343631613165623638633637623561373063386464636435633834653231
66386636613435646266376265366566633230636530643864383437366531626539343762633464
61323630373630666437636563613130376237383634393132383636366431663238636136316638
39326263626462646633363230663239386534323038316564306231623335626362366131373935
31353130376230366263353237656234363433353966616636393031326131663966643631346462
35333530303834303139666231633437363930653465623961616366663863303262353863643566
33373837396532313531356232386662373638656632653432376236353035613364353637326161
35666161343738363064313635346638643261633661333736653264343561623433
