$ANSIBLE_VAULT;1.1;AES256
66313239383439343366323835646561343464653163313339346334303433353663303733643532
6666616166626436303638356134383332666231613863390a313439343935313164636234386262
65303236373765663739623366336465376438303764613561613436626533666537626239383761
3964623831623566610a353637383761656330373332646635363161643563623737383639353863
62323262623432656266376137623463376461313666353137343535646634383836653038376632
63373965346566393361343063326134363366363837353733383662346632323533616564613465
63663664656631333266376664383064303236326262646134343266353664343432616663643539
62386432323164316632333539333139346136306564373939616165353838613762326666353665
36653862343664663635336565333663343831656139633862323766396538306162386635373632
37323833333462393633313538356662323133646534383237313536663166303565623062336665
32376564383861373832373661353038396632363538316332376363363636343266343961616261
39633666376139373961323233613430626466353934383532623934396463313330333030396165
39353462643537643434616134633738626435376532363631633333313538353662373761376566
61613561633535303961393866386239373734666666386235343132663634393462306134386439
34303733663738313539396364363736636462633865666437663032633765373932313663306330
62363165373036316436356465653865313665633530383661323764636263366538613535396635
32613762383161346535616332316537333164363231323930643334643137323730316265356334
64636163373632393239643561333762653436613237613036663731653166623465623235613432
64306536336136376564633735613465626139303539633338653664383865373136323530663763
64643833343764303333336563393335353761663332393734663231626231653364623339636362
30326164653463396566323730353064316634366336616631373434363736656439663638613635
66373233636565373636653361356136323536353338393833656461366232373864393836343939
36363661663161393261656162306639396562383034363065343639383739363835393537316431
33346130363938613263343932356361316331623165393438653438646230326363393534656335
31623562616563633738386164376566356666613236636532363864623237636563366266656238
31623938643135616563313730313033376364623663366139303034373666386437636638343931
35376636653439643464646538316531363632363937616530306439346438393836393965633039
61393066653237373566
