$ANSIBLE_VAULT;1.1;AES256
36643139613265333137316266393432336130323533343539663266323034313636383466303536
6534306463396162613530323664306532633132356339330a393462646563306230386234386530
65663666653735626565333535303133633334313561323661306662356366356337306365333237
3135376663613365660a373065333635643063643430663864353365363565326331666237353839
65306533636432323762643461616632643230646334333263383163653539306164343532633731
38616238666137313664306339353963613935313038373535626361343535303730353464656265
35303066396162306234623436356463363933383732353638316433383062646234643033313439
66623139643463336337393937313536643836333932313636666466353033363666343434623464
63653533356238313334333932303061363836643637623134396430633261656630303231396363
31343336623861363462643365356139623330376233326365316432643438373063653735373564
35636232633265353335666330636333656439313732333737303564353936386261383762396237
32656538636234323862346332313264643434336266306232626639303536626336363134393034
36323266623535663434396631376436653131643763373631313331356231336263306432343561
37363337386563336235633637316532626238356562636335363530636264346233346363616364
66356538313431643137333834653137356438313263633038633031656264393163666232613565
62663930396135626166376464646339633032626132636334393165346363376563643137366463
32326663353637613030313936663133366266666161646564373130306236336431623338643364
30353039646364373337363532373763356565383061373537326430633039616237633863613138
31386361386131636161333763383463613633613363643135386232353137303965303930326263
37383964373762376638626165336538386263646635313961333062326135366332343938393739
30663261346463643538626138356130613266663639353330656233333661376539346662383762
30373163653466616161316433386634623366313633613165366664303837323931303933313263
39306634396435373839393439633662396330626436333366656530306665363065623739383136
34323162643530343631333663353164376464396666353537393239303562336365663237663239
3531
