$ANSIBLE_VAULT;1.1;AES256
38366439623430323630383237613666313666633935616665303864376131343033376134663939
6438323539373432636365363636616630313765643663650a613065613561613837323131303330
37623432323763373030356635643434656163616565346662376534343134633835386165353563
6531636134313932390a346133663737643463306165333134663732376434343163376535353865
61373031363634653538303831623062343330616537366230396666666236366239333630613261
65346436316134373565316264656565383066663930356638626663623833313064323337663431
30626239653963376130363431663039326639363136653237393139633562333239646432666563
34343035366666306465346333383535353161613634346665323635363862313465623365333336
34393439326535383136366234623439383965366561306264353333666364326565353936356333
64353738636535646634336538626561366637383338303431373135383638353836623565343861
62313161613233383734353934346439373036326463396466663135643738613366376235376535
37376162343837643664313065366637346536663763363764366637326239336136323935393163
63616338656537626138663131356439363564393135313239333932353934313362326564323664
30613961306664303862616564656430373164356135323632373137616538373934333139356535
63636138643235643665356637633363623636366461613763646130646435376265303936333139
65393563633839663135623333386663623239303535623261303937306136643366313833313139
36316263326530393631646139636136643266343538393462393138303436653234343438376136
39386466333561353532336561643566386339303962666338396465303633366665373930363331
61636131393435373833363731366334393836383633643061313066363330346537386437306535
35623439336461366464343730306132376433663965336639323439666439616138343337636365
66386632336335623630303632656130356334363531666130313339653665383733633162386136
38646434313838363238343666663764633664393233383936333037333864373439663834323665
32383139623964326435336432636136643235353235323732333163346336396631353732633730
35383630303935333864643732336433356637353335376234313262353961376632643334353462
32373631623932613839393733326539656332333431646362636164656165343835656231663239
31363330333464326237373566656164623435386566633835336638323437316638313765616562
66363834613831316631373666356566326432613235643165386132396536343564326335616261
34643561633830353362336138353364306131373839346330636632643462653832303265393333
64323035373665623366663431613734393430633864643861633330383034313137343231303465
65336362373334643761616630316566373336396162333562353764323562383565376165366338
35353930626363393431363831353064393962313235306662613462356162636462643335323439
33613233303330383539356234313838653632353136666332376362396666666264626337346362
64323933363439666537346136386266303534356333323162396632396664623631326232633531
37363434313532633061373039333566633162363539333335363565663838303237636535643039
30623365633035376464666636363964363564626164313964663134303961343536393965356133
33656663613134353363313765356232653031356436643136396633323363636533616561663831
39323366653161353036303031333031613936636137336235393066333861306531643534386134
62336235383564303065346131393138623136633666613537306466643762663130333633346565
39643239613030613130373438383463353436616430663063303462396337323563663964373032
62306335663338353239636662393735626231383265393066343532363366373761666630666136
36313435363333616131323861393639636234383734396638666665386363643737633466323735
65376166326632343134303766353464346332656363373039303835633632393933306634633131
38623935353262343134353263376634616331303533326335363035303831373065356436303333
64376136306236316431383539313365383137636232326532633039323138373138663833613565
62616563653536373966643133643638636230643234623765643664633464306463626437383266
64363934306666316430386566386633346239336339366233306436663564613566663766616531
37343866663238393163626138373634393130346531633638663938303233313130393761383138
34643138643131633538363039333234666530373535393164623832306636656266663866626235
65373535396162636263306539613137303362373331323032333830316164346337666534633833
62353765393933353434613436313531326330613563356462653331633635326235643431373565
34626461353231616536653830646330643230333037316465353034336663373532636533393238
39393563356366396365623965373063653738663733653231383563373637396366653863316531
33313463653961643138313036396637363366663631376530316261303732616530313131376639
62363030356632656234353561333934343937663633303139343334363330666664613834373965
30383161346563383161313631623063373638303365336437326331653534343734316339366635
39623764326535626636366338313762613137646338393763646637653038336534643338316331
61666539336237346433633236313131366436386365343933613932336462663735646433633861
62386633326266643531643135633635653430333664333635366635343935383663306333663162
62373961663334386438613533656530386636623630353166343065613432646661343338363532
35396165366133646431663434323338636136326565386531643165313630386231313033333266
36353464333133306539623662376437373739633661663736646165666266656239613934623634
38373465316234613939616532663539353136376462333335653533343635623538356466663731
39643032343439393466343532363837623161393962363030376336626465623233346365396335
36326439313234373232323735383538623434303039623366613364383661316330306435396665
65303462343633356136313038343864383137643435333539633431383033663662616333633339
64383737636366653033306638646162613838343733396438643737363332343730356335333736
32616333633437623736353238643833636636373061373435376439386364653362633937303565
32373239383037666235313365616365613765366532373732326139363039616139323438316132
36653963376133636237636332626465613066626233396231303464376465346635633633626133
39326439363939643836336533653331663761323934653434303937356363303365393136336137
32626131376261366262393562363866373035646139646134383062663137626632383832333932
64303131656664323536663664353033643433656138376537306137363337356365346265346137
32626536323030646562376462643239373732363265623736396133373439643161353661333966
62363162376364363338386337663734313266636263366461656233353031323736303935303737
37343336393566376334393263633062343362626530353062626265363863333862613631663836
37353464653264363237393064323138383137623561373932623761653662353730373262613834
63643938313966636637373064383562383831393937666639313761383638633262383133656530
39393631303966353538616163383930643836356163653233306565393365353736383231373738
38633563616536343661366535616661373834346133616639323161353234393832626336373139
37313633343237623262393439613631346637343362323330356566626166356333343566653033
33313265303633373862353335323265336565626335643066643361613630343934636162396536
32623566363537636433306430656534633666636163356434623531313431663937313837326234
38643830616363353464306632653738366163623132373132623839366163333064646637333038
61363664353031313161613436303464613132313161373161616431613538653365666265353064
37383964383333313235383665373264353835316132373131636635613032346264343133623830
35666236386131343266303739356137323464623265333036336232643135666562306236373039
37653536633537303434646363326335306666663535386430303262663531393237353033613030
63306365616539623834313763386439636437613164336166313664323231383237306433323463
33353764356636313439633931373033323335306635343637336338646438666665623333393637
31353534643563386435616532643233343532613235663166326532613365313732313763386130
33643266333264383166383562316535663334373433393838313739303732623961363831366534
36616266313436653464346637393935363961333030646663653437613566623830396262666435
37353739336664653233386439383765623465623261626362616431313163313436366231613930
32646266356537346630366433393762333533653465303533373463613233393964653630356264
66343165656664356531633135393835643432666632636361356563373238323937373962653065
61376238343435623437653064353833353462653434616164633037653138343265393230613836
31396138663366626639666332643436633865363633333231393838333833646464366264326564
66373538313935386465386230373864353733643135316266623031346637616631363734383938
64393262616239653461323033393866616234333538353937353561386132313135643537643166
35336363393066363835386430633166346166623666623338366533343733663738363162303532
33336639396565626634646463643635353731366634363339383034636437623739323035666532
38633662396466656337636162383965383233396531356361346433626435303636613735393966
37623838316234646336316439363635306461613364363139336632663662626663616661636234
31656364366666656332666331336339616635346638363138393261383565666630313133343936
64353336383361323363636536653834653230633061316339363365386165393839356239666265
30333832636461343036353636613132346637346630653539353766643436656635336332356236
64656237626465636634623864616465626263333964653135336566363363306531623466353737
37346461343431353561323736323861386563646461666438396635656637363464326537613136
34386432333139373339656139346338373634656562626161616438653937343238336338633231
30616265353765643961626439666230363634323633363338633161356234313137353064623966
30306434323337646361363034343864396565633632643336346164303438653165336435636135
39616532613931393663653435636434303831343661303030323839623764323636343830356336
65623764306230666434336635663334306262626361616663306366366235306631376330393030
62313831323331613662623965343061623565636539626538356661363334323061663433643332
36653634376139636165346139613863633634383333343530663837656538633438643937356435
32613439376139393264366464393936633437343833303030336335316632303634306361383438
39316465393966633165313362653639613439323565376364316633636136656665613238613764
62393437646336333337623063356532313936613636316631633835376539663830383439653961
30393831353631313063656237393731656535336530383735616434623831333536643834393063
63663637383132333734653935633062653530653434363836613234313165353934383166383764
32363762633332363537383666613361363737316561393663323833313736653131376166623934
39663430383061343735306463356464356663656431343031373838346661623362363335346338
33643036396630353664303033313261623532326365626166346237656634356534363931373832
64363565653834396662336663303437633561643364363866616665386131323564303865323736
64313839623539376234353862643832646132333339363566363161646235363666366165393432
65313439353261663064346334656534623131396233633232353964623030613734383737333735
66386239623463313635366439383264623933363330343765653834626635396566613961323439
30373032393639616530653535623436373739613465356336656333333832376232636334663763
36653639323438646534336537316133356264376637353136333838663735383939333661393430
63343637303733323466343030336535383765323938303062356137623564663630623262643033
61663066386231396466363331326432386662313532353136653862393333366366316238356164
61373830313834363964333864356335333534383761633631643765646233363236343565663636
62396430366234656132376461626431333963353363383365393962316239636334333932633135
38666237636262396238353961633463363634363666656431323135663435636434373935643462
34343762373332633039306335306566383839336139323833356166653066386266663931303633
39613034663838353839343531653834336238383734363462373331373365646130333236633230
38633232336138633064613330356632633530303537343864306536623462656438363664393562
37393934393134396464303861353133643163363038663334646534376230313437346438646434
66393534396364653162626363356233636330396137326336353035343235623365663436633263
33303731376137343237626632613762346431383334663733303363346464633336356266303435
31646434313330336566316464323931643131666166653531306462343864343764303333633633
65313438643562386161343434333964646435393066316539353162633465303238633332333737
36316235363232643266643061623766303164353034366161383738643631633336636264336365
38336564333835333363636466333131626365383136353930373336303235373963623930633935
32663663373335626232623436316563643232373431626330646130303666383734633262333063
34313365663031616134326537353464353335316663376161636237396166333237396361326462
64613633646630323435626336333138313239313364343664636230616464656535666439353139
34313433663566656165376463383061633639383832353666356438353636353766336635363037
63623136626134356363656134383030626534326166613066666435373033333961333230383231
63623864303634396431343862323462323035656132386536666663326465336230393466643334
38313435626162393132393664616461643035613366393035363035343832356130383437333734
38623164373932386331383038323238316332326430303963613534326432386137653237346465
34373266336434613132383436383562346162376635303764366665616138656239383464623831
63313239666639326234363062303939303466663131636539313534363237316136343761613537
64363531656234303431653263663435613366393830636238653939633534626365633834333034
63353235656430386130353164393662376539653566646637333636393961653937323436373931
66646363383035643930346462663035636336326261323261346334373065616164393333626436
30313032313437646164646166613737373866613134306365383266373430313864316530366136
34363636366139626337386434353866333661343536636163326632303366343036303365613539
64353631333366383665383139626130303037393430646139636638643664306232336131393034
34633365316131666163626262373262656638626463303735623331663563653264633433326466
37666437383432653338613663646230346566303664356437303635333632346139636235373966
64613834356138613538653039633139663439616365313237313262636662353233376461623762
31656662333935326438643235613639666233393363376338366632376431323062626132633430
66303166613838326464386461613531333337353263626262333565383964383932393832663765
35323532646666646132373536616138303734613432636664613465653234316131626365356232
38373363363731333965353936663964323236376533613362623466616663636136623061336665
61666363393036646530646462616633323235616264663930363931306136326465616233633439
36306265366436323034633563666165636634613031653161616536386236376533646430656235
35623438396233646330346231353637373862386563386137343733653666373135323663633039
33663730323733366235376238623064353636613731336466373237353831323134383834383237
33623033653961653839666437373436346136356661623136653932323134376562353261613863
32623866386233336462616162646233353739633464646339353962383630393733
