$ANSIBLE_VAULT;1.1;AES256
35623039396464353265383863623238663961363866363439373362343131373164303632303936
6434616433323462373863366330343730303231383839310a663533343134373330363638626436
39646134383364333938383438343562633332626466633461313634666438663337363165363537
3763656262346564380a313331353239356237623533303038376137333734393766393331626135
33336334346234653232313965393238343435356462626136643130343762646662313663653166
36306434373438633131313761623430303030323435353536623237633361353334386563306532
35663033356230383736356530666464663962336139383237613134653665623764346335306565
64373531373364636131386235613230666433366637363337366162613135616662346636336362
34633035303333366430326564626465343335663063373639393432343837353535613865613064
32393035656166306461646264626566643538303237376238343732343461383961386230316464
30326234303638626563376136373166393965623661303233613935333039636130383237646636
64656231376630363632636433646265623639353033356335393230303861366566663564636461
66646164383130653537346564316533356232323432353935333231363764626437323762653634
38613934383233396331613166646463383934643665333263316139613061303337366332363832
61643461373034623765306361333231643464303930336561636237343636366464373431353062
38646563336236623735303635323766383364613966396637633138346139633064663661633839
34383531313230386530663536643336316362656466343435333632353138656561386339653462
66626433366462376432633538346532373833346262623362646234313037636664653935646537
38383862316635383935653763326139643231653739373338383339633434353035373461633563
34666138626536646132306461613537616434626263613063656165656361363538366661616363
37373535356435343430346161333239383138623030366135323262323961346636626430653164
31653331353235333738613264363662393537383439386263303932383866326463623166323437
61643834616138363938396337346366656563643961666265373534353162353365646534653563
32666130333238613561626564363931393737353833313062363234303434316661313761613231
6264
