$ANSIBLE_VAULT;1.1;AES256
35396662373662336336363138663136656365356535373132323864353938373332646234333033
3266383138333730386564383133623232373334323766640a396639653039653565353633653462
39316635376138646236333864626333613966393234343837343635333138313664616663623762
6338303734623238650a656431313665373534343663336534363262343562316134623133366134
34353234396363616261396430386136613766623333613164643565323166353038643538653238
33366632646337376332353130343536336233643832376139333532343765643366626533343230
34316234313461346165353365393338386261633431663965383866303237346437663331396338
32616135343639616466333738356637666538373362323236393135393066373732333530653538
39336334636365653230373038383161633839616331616665373332346232313230656263396335
63326439323966336366373865616431316661303239333938643339396663373964326337343766
31663263353032623134633261656432363534623739363566633565396437393236636433613637
32616233613936343161393366646465323963383438666565376562383062393639396365393437
38313061383835373238346431336530316561323763333931666333616331616666626330653435
34316331323639653663333565346266666637393662636462643032636630353965363839356461
30346538646562383532366361383934363938383837326632643262623561323363316631386438
38663963306636326362613033656265393463373030386363663465393132316236666433666166
37623231386262383036333631363861316565373965306338356532396363393063616263363133
38653661376633613834616661663835646134303562306562393230313338346662363633323333
66653937376432396664366362373835653931366134613233646536343036306134343033306563
38383663666637313333356331313332623233616433613531396630613630626263623139366335
65313035353761333233653537306565356633356431626237316366383139636365373738306636
65636238343565656136613937393038363932343738356330396230316634643161656164373030
33313161643238323938363265363231363537666161383737613839626634363432633935326134
30376431373464393564326332613433313933653330356437393332383730333635306233383438
37313465646430633664616232303536613566633935306261656361323436363961
