$ANSIBLE_VAULT;1.1;AES256
62393338626363643730613763356165353433383862666164396230623037336437343835616639
3134633166343233323962383731616639356539363833380a363966396663666238303531383462
63343138386532663564643331663336333961366161623165613738323064663065666661666634
6465663361356165640a356330383335356338333732316262633630366439633361623331366335
65313664353861356339653165616433313235313838373663653831306333396435373738376466
33306536303534366662386434656334383132626438656630363562646137653232646338653762
39326438373830643463366564303262363034336434343333363232306131346234363234383037
63666563346639343166393166323336643739633037646362653864313039623733633538366162
63333465383766316661653761636365613661363965303830643432626538633164613362633531
63383536353631363239633264623533373030353933666138306131326232306438303661633638
65343634636134353665623334316536303661653166363962356463646261656361363465336431
38303763353861353231353535633630356562646566643338323232643238343466376236326231
61386135383764646335663131656133663965353936636132666664356133616665343765626136
39303934356435383861613661633834366364633831323265633530343664313832633931646531
35663733326138653037613066326161366633323836653133323831666230303863643334373063
61616234336533333562366662316338316562646665633933393030663736356630626664643735
35383135393832643438363330613238336464363634393339613430366665656661633030656636
37626663376536636366663261313163626634303461346332373636383964373334653935343531
39373461653936633439633338316366323335386632663264303563386337313439313037303864
61653537666235316534623032353265633561666239623835313163653363656564383066343266
34313130643866393438323263323435353463643036343163333831633965623963623034363864
33613662653664356338663163343337353361633764633835306431643962633433323564376463
63613437303437323361383365643961663336636438373735316662613361653237353565346339
66346631333166613566
