$ANSIBLE_VAULT;1.1;AES256
64623539396430376637633133623637663039663431613836373338613431323361633563393131
3465656531303964663461656531383666333534623661620a303437393331663639363237663765
31316462323361393538343037383438393638346135666536616333393266326462373834633638
3231356663643464610a653230313731636563323530653030636532623464316461626263633163
33613838396439343935666162333439666165636363333034653332396561666533306439663865
38623538383664663333323031643933663537626634663934373538626230623136373165303863
61383637373163623838653333656137663537643538656331393631653632333935363961616466
38613438366333343262316131663966396537626464613434643839303232366434383637313265
66383765616338663661656161323265306131633666366434313636326536393065386263613166
62353739333339653639633238333538306535393236616639323063323565623432663531343137
31356164376139303963343366363564666364373435373237643839653139343639623034386232
39396234393561333533653234373164393765303338663435626634646433653237613939353966
30396434313431653261336638333734383637626262393032653065613566646134396130343865
35386133343532616431626539336332643733353535343333336239393766656437306563353964
31363031623530353439326436633063303365653938656461633534616335623864303935326135
30386236666339653632306435373465366538343132356532363164393430363039363863666430
65363262363365326166663437616261326437303564323635386265623734316336363339623461
32396433653261363032623930626233373836336163656132326235626632353037326635383431
38666133343163613161333136623534313138396434396162396563383931393463356433643331
63616132336163383533613532326137373037656634323432633130396464623364376665376636
66383561386131386532373638303034346538666635333631353337346665393461653661356464
39393431653732393965383233363135663733626338623736633633383765376561383930636264
64336631356636663737313731396163303766306435353238613533343138623338366234366137
61653466613138663537323762353236396434383530306166613032623635666232643562356130
36353631343634623735626239646231363939343361303265323738353930636530653739633735
31623263613039333261333635333634376338323539366337353063626336333861633933323836
61396564323461363436623337316234643639613162333662373966376662633137346534366233
66613836343234383433613036316633623061323238376230386235613566616333646334303639
63663537353934343036623436356237383739356636613261306234383335656562646633313535
65643434653131316461336465613032396231363733643366393430326531636163323461623261
34343335613831353966613732623138383936393834633263323734343765653934343836353238
62366265663338316234316363643266646338626264316163373033353738363763623238653065
37363262366239653037613066343633373064616366313631656563366131363833636234363832
32336131396539633237653761333565373734636137376430396439303433313735353335616237
33626534623634376530313261326534383165373165373635666535393332323632306230613530
35303734303238303631303165653662346632343131393131393061373930346666353936306264
38353737323936326564613562353964306564306137623063623239363934366561643334356164
65663262616662363239353434343930386338306339313534616631373138633638326336306666
62633632663339633466383761383934633330656536303535646538346534333933316435336330
33363661396562613461636166323163363334666566623939306637336461366563393632663761
32613630633732356136346232373038396562353562376430373337663030343234373666343731
35653232623335646161373735653031396135343131396263343734356335343236393831376239
38656634363537306334396235346666303435356566376264376464386566323131333236323033
65363435366661633837653836643136333064346335306438373364623331323563666232316532
34393561356662356661376239346466656531653866356439343463653637353062356166666638
35383532306661633466366333656339623630626338356135633737656462306435383238393439
66393138346166653733656130313031613361313735363661303030363666653638356230663936
31633461303063336364333066643836633361346530633766353933333238626637633232376432
39353161306566376437353563343938393862636565613436656131653663623664623138613261
32643538333237373938343332366634343432383838626337376639616433633537653234323439
61653463616634646433326563353731343762363932666261373965363237356364313238383563
30626134343133383331396666613631653036636436393763646362393836396537643461386331
32373130346236623466386261396231636539376537663931653633306361326637366265336632
62316332623637666630623431323362356638653932656364653435383265396265323631313631
39303138666236346635616165656636633735613434643137623064373066353238623730613766
38383532363632336437623937313734383135623132346336656265393232323832336430663633
32356539623135653930313034623864616463396166643533353239316362336233636463333835
62366532396430356136633332323631623566313364333231313532643038646466633339383038
66366265343961313832633736333061376564393632303063613463336664366162323765653538
37306462303035383961656635623666613863633466313937343030633864653439323537303337
38386666343635343637313535656331346235396334343137343337393162663431646662373131
38363965313935346564366665323966393033653735626535353161313965333363383362333739
33383662396232366365303365396137353066383861356563623238623166313434336231643330
39306137393839613064663230333335663063346362663664633061613030396634613365393562
64373662306661363834323266366261613237343833666637363361656164346533336139663265
64623934333831666139303932336161396232313330666332663832643334306530396361363730
63363563656633363336303133383531646137303566383663613363316366346536343032346436
61383439343764656432306632373563326464613238336265326537653333333936633534373361
32653633316335356464376637386430383761333434306433396362623361646362393664333663
32316238613562343564393836313734326130656334613131393761386433646331303865663038
30303133346437663431643063386130626536643530643637633230313065653532373338303935
35613061633164373836396237663064383639383134356464313332343832653334386161646233
35396265373935666634336137336138663331626266373937393639613063333337613666623839
34646162663832326334306262363063353139336438376565616437393066363735316161386536
37396434396439303664323638316365613139333135363066366331356535623133313533333964
63666133333763366361303939346337316465623364396436316233316332353230323066666634
32613632623163616630353832343936326538383466333435306138393938313233353331336435
35303663666565633033623363306230363831313837613834383061626331383861313632383862
34333465333732666531346536313864653431363637373831343738643132356562373462313261
64316431383734636138393231366533333935376535373631386535356336643135653238616535
34653636623663396665353035656435396136313166646334663964633734306134613831366339
30666338303238346364326331623564393464303163653162326262653438633533633565333662
65656462376166303261343162663761393537613635366437376163376335303237373531306264
36643465393937376332306166613737323262303064656666316333326132333735303032643831
39656366623062333466623963633432363565643932326137393666336563336430663933616431
32643630626462383931356434613232346134306131386261353535653437633962343866616530
30636332666435383538643934613837356264653161363839633462383136646433616361643835
61306333656430653732303636326666306234396332616630653464306630313733613932653239
30616138653237623736653861333239313266656638656163636337336662663933373766643562
61303664366163643161643532633035333261323439303739613131326234306631653930306433
32316436303766383332333738653233363866623734613261356161313438633338633464336666
33623639626364323236366131386435306464353964373238613237333666323766386561356334
61363138643531363035313231613034653532633761623333623233313430393431663134303237
36633538613830393863643333356439356662343462373931376161633461386562653463663630
35653663643736353735363532626433626566356438326537613037653133353238636565343030
37333562643638616563633037643761626134343562653464313835376538636233643763653764
32356238666466393539373832346330396137633739346337636432336165386335356637643834
66653436643734323937616436616437386666333563383933656539313162306466366662333465
37383662316162383637626137303662313363303138316331396261346237383830653564333666
66353233666433353530366633613335353837653366663434656138343632643437383933323363
37373361363830396538313939393130386264393934343137613737353231373963613835363334
66653764366636636461666337326332353638353737323564356438353038663761383562646361
61343538306135623938316364363536636363303233306262636239613731636163643664383130
38616566633262313230653561633633633335383134663239323735393731323232373161343736
63343230393762323661313735666132373836636438656234656261313663373531353464666635
30663535643637376434316564623239386464613237663535313438383065643331616264323932
64636564666233383035363163373062643364383461383636656433343663303364323863613361
32393063646636663562323237393734346234346130313238343261346536323135323861666565
66663965333131633135613834306330343034313766373639646636616661346262616137353237
65393131356266636438636635336465666431353865373034303063666639323337353838333137
61303962623835643837313733623762633538656635376363313633303634363730326139336563
63346662383766313231313463396265656135373137623761366638323436656436303337303265
35616361343265663061306463303033646466616364306231326134633931393939633832333130
32616264636437656436666663326461626332666262643162646138373635353630343735363665
62303365633063353938626562326464643265616439653430663230356362303636313837333837
62373065623131343631353164376433356139326338346231336530616339316532376630616564
38343536363138356631336239323839336630663164353734663831336138633064303838303765
34643535643261326365653161363438323161376532396462363131353363653562376636396165
31396430373933393165376637386239383036663939326562323435626564393663333666633033
62613430316563376132656162313031373861393562366335663566643864306462653266313933
38656135663432353939343037626265386232653066376664623236353565383237303764343263
62393265343134663332316161313536626465623132353364646262326630653739363638383366
66316531386261326231306463633336363263323166326430653465356439623662316636646338
38353137393061653466356431356534663936646333626432373861663265383365376230316136
63373462666134626364326433653632356466653262623135393864303065656462663533653536
62303534306532313564326333633362356565313262353539306630396266636230663961633136
33626638333633336233316237373662343336653033346530383432666132306330636634336530
34313339383934616666353130363864616463656465313739386462396163363134356430363033
39646164323034393961346461323864396565393164383864373764613766623232373733356135
62613666393661663333333065363462363833623366663765623839613230656338663936666632
63666566346464653432313066356135313131386631393133343835373062626663666431396630
62653137653161333837633263376336623464333931396633306632376666376537633331303264
39663939373531356432666438363331343338306666616638343463663430306264633738636161
32316562353761393763346263356439346164626634613465663735343233393963623833636561
37653461303964363165626533386334633131323865303439633761643965373461376363663231
63633232323734373638663432653765363730343861306665616163306565636462663731633937
64396534373461323162356164353362303136613131373539653539633964316663636631373935
31396665303361386533376337363735303162393732336266313461623465343238663839613065
38623138343866306134653636353565323835316236643064636662303761336562306636633862
37613135653962636463343761316131656265613533613637656163393735363034653936333431
31323261656236393730316134626634366533343432353635623237623263373835323334313639
34613936306334373930313462653066653135623461343163386435363638383935666163366231
34333338363737346566343434343232643564623564376535396636376564633964613534343239
35306134666566393364626231633165663466396330363830303865633437376632356366316339
64396638333634633732326435636566653036316337393434366437663737383536366163383934
65386439386464613961343663643231646465313764616362626232363331366435326264326562
65353064636634646336663334336162396639393536313566626463663961616533336334396336
30366334656135383830366233333336366361326331346233366135316233356631346430343232
62633338363766373832633533653930613238373437626232663762646633613066383334303061
34656630376163656635666634623366613163656638373235316536616337306236633361326264
38303963636337646436636261636363316262393138646530643865323230313532326130336632
32363361656234363838393265613634373435333365373635666630333636346132393462633763
31313130623235613531663366353465366538613735656261616438336235356132363436343930
31346137356563306430303331616438636231393363303734656434646266393766626335633734
66376338636364643635646363656239636237393639653265646639663938353839653463303533
63353936313632616530303034643733326638613130363431376663373766363333663531306539
66386436363430393339346665376632626434643434303066633864323765396330376536303462
30383764333739643430373434313633353764666431323835353665343535383030356335383633
34656336323666316138663163343137333930616230623061346437373431336364323533616530
34333837623336373661366265323662643833393166393933316163643864653536666664316238
39653639653763656633363738633165353938613063303932336535636362323833383265353330
36316339313736316639333336363339306365306233366239303131633561326132326233613830
31636261663763323335393361303866316635386361343162313230643666613539323637646166
33356230376532656130353464306639306165643766643932346362616539323935333539333266
39363338303337646364313035333335333465326264643434613362343433653364623734303138
31323061613335346466653665653533373932343263306233336665386337663534323765616632
63316632633266616561626533653535656165336231313433363135646134306464643663313433
36336330343136306233346434373464376261363038336532316665663335386533626337643765
32376632393062343038386161386538626631353865353733356236353733313737303961613336
33316263316433656666646436316635323962376665396461366439313861336163633062306137
65633562313131356534303938346631386565323636643636323837303536363332393739356432
36343431393261333130396538343266303336316337633438396234313537346239393765386135
66633432376434323132363161613937393232326136373861623635363462336162
