$ANSIBLE_VAULT;1.1;AES256
61623961363032663839313965323532346636663431616464626365633636353638613939326531
3837343661633336336663313335373236373636346637610a333964373833616163353565303835
37656530353833366333383065366430303439346530303461643335376237343438343866373163
6633353139343863660a623665316239633464616463336235366234316531653736666339346464
38613230646263353833343230633162623765343331393038366366663062653764306332663932
37386536366663643737653139353831373131343636376133386565393031373732316266666135
35313562616539363762653661363533613836393330383036383061346661636538613733643232
61393639626630393236393232316539646333656331643365333831363837613439373139646337
65636438383531363266336136613565616636323365656436636430326534373537363761646533
32653766636137643232323339383362333433353430613562333138636132326365353766383564
36353233623133343138356336346236363363396537663634653339383732336633646262313730
37653731383932643534393031643536356632353635333037316561323039633339386438353865
65386534323834663563353764326332353831663963353833623365306565383933376566373338
65386230666561623362616263373136646565306331323234393663356432346535643964303930
66643233633438323361363266353833323766333932666563616662376266653731306663643364
61653736303661323864663063386564336636316239366263313032646237353236353364663733
39303037316664316136313034363464363465636137323232636236643162313961386534663964
38626538376663646533663266373735313939633737653538366531373035613731616330323637
38303938336365366436316636623763343835636331343162393038326361323661626237656265
39393030383538633430326364373733666334666532373633363536343163353539363336633061
62353332373431626633613536383038393531663730623832323164653463613035643837653761
32663630666439653933386564666561303332663366323935636365366233346163626237626231
32326132626535636530386330376363333464613932303030373831373630666464393533313739
66633966393063623339366463396236346337313037623238333438316433376339623136333564
62326234613533323765366135336132323039376530633561366231373466616665386233333365
66323963376231613461626332303337663534333865633665633039613063373064393132323362
61353763313939333137323165633538343563303830656231343330383565376438363961643135
37383434303033316334
